0 0
1 0
2 0
3 0
4 0
5 0
6 0
7 0
0 1
1 1
2 1
3 1
4 1
5 1
6 1
7 1
0 2
1 2
2 2
3 2
4 2
5 2
6 2
7 2
0 3
1 3
2 3
3 3
4 3
5 3
6 3
7 3
0 4
1 4
2 4
3 4
4 4
5 4
6 4
7 4

8 0
9 0
10 0
11 0
12 0
13 0
14 0
15 0
8 1
9 1
10 1
11 1
12 1
13 1
14 1
15 1
8 2
9 2
10 2
11 2
12 2
13 2
14 2
15 2
8 3
9 3
10 3
11 3
12 3
13 3
14 3
15 3
8 4
9 4
10 4
11 4
12 4
13 4
14 4
15 4

16 0
17 0
18 0
19 0
20 0
21 0
22 0
23 0
16 1
17 1
18 1
19 1
20 1
21 1
22 1
23 1
16 2
17 2
18 2
19 2
20 2
21 2
22 2
23 2
16 3
17 3
18 3
19 3
20 3
21 3
22 3
23 3
16 4
17 4
18 4
19 4
20 4
21 4
22 4
23 4

24 0
25 0
26 0
27 0
28 0
29 0
30 0
31 0
24 1
25 1
26 1
27 1
28 1
29 1
30 1
31 1
24 2
25 2
26 2
27 2
28 2
29 2
30 2
31 2
24 3
25 3
26 3
27 3
28 3
29 3
30 3
31 3
24 4
25 4
26 4
27 4
28 4
29 4
30 4
31 4

32 0
33 0
34 0
35 0
36 0
37 0
38 0
39 0
32 1
33 1
34 1
35 1
36 1
37 1
38 1
39 1
32 2
33 2
34 2
35 2
36 2
37 2
38 2
39 2
32 3
33 3
34 3
35 3
36 3
37 3
38 3
39 3
32 4
33 4
34 4
35 4
36 4
37 4
38 4
39 4

40 0
41 0
42 0
43 0
44 0
45 0
46 0
47 0
40 1
41 1
42 1
43 1
44 1
45 1
46 1
47 1
40 2
41 2
42 2
43 2
44 2
45 2
46 2
47 2
40 3
41 3
42 3
43 3
44 3
45 3
46 3
47 3
40 4
41 4
42 4
43 4
44 4
45 4
46 4
47 4

48 0
49 0
50 0
51 0
52 0
53 0
54 0
55 0
48 1
49 1
50 1
51 1
52 1
53 1
54 1
55 1
48 2
49 2
50 2
51 2
52 2
53 2
54 2
55 2
48 3
49 3
50 3
51 3
52 3
53 3
54 3
55 3
48 4
49 4
50 4
51 4
52 4
53 4
54 4
55 4

56 0
57 0
58 0
59 0
60 0
61 0
62 0
63 0
56 1
57 1
58 1
59 1
60 1
61 1
62 1
63 1
56 2
57 2
58 2
59 2
60 2
61 2
62 2
63 2
56 3
57 3
58 3
59 3
60 3
61 3
62 3
63 3
56 4
57 4
58 4
59 4
60 4
61 4
62 4
63 4

0 0
1 0
2 0
3 0
4 0
5 0
6 0
7 0
0 1
1 1
2 1
3 1
4 1
5 1
6 1
7 1
0 2
1 2
2 2
3 2
4 2
5 2
6 2
7 2
0 3
1 3
2 3
3 3
4 3
5 3
6 3
7 3
0 4
1 4
2 4
3 4
4 4
5 4
6 4
7 4

8 0
9 0
10 0
11 0
12 0
13 0
14 0
15 0
8 1
9 1
10 1
11 1
12 1
13 1
14 1
15 1
8 2
9 2
10 2
11 2
12 2
13 2
14 2
15 2
8 3
9 3
10 3
11 3
12 3
13 3
14 3
15 3
8 4
9 4
10 4
11 4
12 4
13 4
14 4
15 4

16 0
17 0
18 0
19 0
20 0
21 0
22 0
23 0
16 1
17 1
18 1
19 1
20 1
21 1
22 1
23 1
16 2
17 2
18 2
19 2
20 2
21 2
22 2
23 2
16 3
17 3
18 3
19 3
20 3
21 3
22 3
23 3
16 4
17 4
18 4
19 4
20 4
21 4
22 4
23 4

24 0
25 0
26 0
27 0
28 0
29 0
30 0
31 0
24 1
25 1
26 1
27 1
28 1
29 1
30 1
31 1
24 2
25 2
26 2
27 2
28 2
29 2
30 2
31 2
24 3
25 3
26 3
27 3
28 3
29 3
30 3
31 3
24 4
25 4
26 4
27 4
28 4
29 4
30 4
31 4

32 0
33 0
34 0
35 0
36 0
37 0
38 0
39 0
32 1
33 1
34 1
35 1
36 1
37 1
38 1
39 1
32 2
33 2
34 2
35 2
36 2
37 2
38 2
39 2
32 3
33 3
34 3
35 3
36 3
37 3
38 3
39 3
32 4
33 4
34 4
35 4
36 4
37 4
38 4
39 4

40 0
41 0
42 0
43 0
44 0
45 0
46 0
47 0
40 1
41 1
42 1
43 1
44 1
45 1
46 1
47 1
40 2
41 2
42 2
43 2
44 2
45 2
46 2
47 2
40 3
41 3
42 3
43 3
44 3
45 3
46 3
47 3
40 4
41 4
42 4
43 4
44 4
45 4
46 4
47 4

48 0
49 0
50 0
51 0
52 0
53 0
54 0
55 0
48 1
49 1
50 1
51 1
52 1
53 1
54 1
55 1
48 2
49 2
50 2
51 2
52 2
53 2
54 2
55 2
48 3
49 3
50 3
51 3
52 3
53 3
54 3
55 3
48 4
49 4
50 4
51 4
52 4
53 4
54 4
55 4

56 0
57 0
58 0
59 0
60 0
61 0
62 0
63 0
56 1
57 1
58 1
59 1
60 1
61 1
62 1
63 1
56 2
57 2
58 2
59 2
60 2
61 2
62 2
63 2
56 3
57 3
58 3
59 3
60 3
61 3
62 3
63 3
56 4
57 4
58 4
59 4
60 4
61 4
62 4
63 4

0000000000001011000000000000100000000110000010000000000000000000
0000000000001111000000010000000100001000000010000000000000001001
0000011000001011000000000000100000001110000001100000000000001011
0000000000001100000010000000000100001001000000010000100000000011
0000000000000001000001100000100000000111000010000000000000000011
0000000000000000000000000000000000000000000000000000000000000000
0000000000000000000000000000000000000000000000000000000000000000
0000000000000000000000000000000000000000000000000000000000000000
0000000000000000000000000000000000000000000000000000000000000000
0000000000000000000000000000000000000000000000000000000000000000
0000000000000000000000000000000000000000000000000000000000000000
0000000000000000000000000000000000000000000000000000000000000000
0000000000000000000000000000000000000000000000000000000000000000
0000000000000000000000000000000000000000000000000000000000000000
0000000000000000000000000000000000000000000000000000000000000000
0000000000000000000000000000000000000000000000000000000000000000
0000000000000000000000000000000000000000000000000000000000000000
0000000000000000000000000000000000000000000000000000000000000000
0000000000000000000000000000000000000000000000000000000000000000
0000000000000000000000000000000000000000000000000000000000000000
0000000000000000000000000000000000000000000000000000000000000000
0000000000000000000000000000000000000000000000000000000000000000
0000000000000000000000000000000000000000000000000000000000000000
0000000000000000000000000000000000000000000000000000000000000000
0000000000000000000000000000000000000000000000000000000000000000
0000000000000000000000000000000000000000000000000000000000000000
0000000000000000000000000000000000000000000000000000000000000000
0000000000000000000000000000000000000000000000000000000000000000
0000000000000000000000000000000000000000000000000000000000000000
0000000000000000000000000000000000000000000000000000000000000000
0000000000000000000000000000000000000000000000000000000000000000
0000000000000000000000000000000000000000000000000000000000000000
