(0,84)
(1,18)
(2,119)
(3,72)
(4,154)
(5,13)
(6,52)
(7,22)
(8,40)
(9,134)
(10,8)
(11,158)
(12,184)
(13,135)
(14,202)
(15,218)
(16,87)
(17,28)
(18,119)
(19,128)
(20,201)
(21,219)
(22,164)
(23,52)
(24,104)
(25,60)
(26,210)
(27,232)
(28,177)
(29,216)
(30,70)
(31,1)
(32,249)
(33,51)
(34,235)
(35,182)
(36,48)
(37,108)
(38,121)
(39,27)
(40,244)
(41,143)
(42,81)
(43,44)
(44,47)
(45,76)
(46,158)
(47,122)
(48,65)
(49,53)
(50,69)
(51,174)
(52,8)
(53,255)
(54,237)
(55,212)
(56,32)
(57,47)
(58,236)
(59,34)
(60,56)
(61,172)
(62,186)
(63,143)
(64,152)
(65,114)
(66,175)
(67,80)
(68,7)
(69,89)
(70,240)
(71,96)
(72,112)
(73,138)
(74,244)
(75,184)
(76,186)
(77,104)
(78,57)
(79,45)
(80,50)
(81,47)
(82,50)
(83,190)
(84,23)
(85,22)
(86,34)
(87,133)
(88,169)
(89,43)
(90,181)
(91,27)
(92,163)
(93,90)
(94,57)
(95,188)
(96,5)
(97,141)
(98,191)
(99,157)
(100,113)
(101,244)
(102,223)
(103,83)
(104,218)
(105,221)
(106,66)
(107,63)
(108,95)
(109,182)
(110,121)
(111,0)
(112,146)
(113,253)
(114,119)
(115,250)
(116,34)
(117,146)
(118,152)
(119,248)
(120,170)
(121,88)
(122,191)
(123,129)
(124,132)
(125,50)
(126,99)
(127,191)
(128,219)
(129,109)
(130,68)
(131,181)
(132,195)
(133,32)
(134,52)
(135,146)
(136,101)
(137,27)
(138,81)
(139,248)
(140,151)
(141,225)
(142,218)
(143,87)
(144,19)
(145,214)
(146,7)
(147,175)
(148,113)
(149,98)
(150,30)
(151,117)
(152,148)
(153,253)
(154,106)
(155,236)
(156,193)
(157,253)
(158,248)
(159,41)
(160,236)
(161,192)
(162,163)
(163,144)
(164,92)
(165,29)
(166,146)
(167,245)
(168,75)
(169,92)
(170,210)
(171,188)
(172,182)
(173,125)
(174,113)
(175,38)
(176,245)
(177,43)
(178,209)
(179,104)
(180,196)
(181,136)
(182,185)
(183,209)
(184,197)
(185,213)
(186,253)
(187,105)
(188,173)
(189,126)
(190,79)
(191,58)
(192,195)
(193,149)
(194,221)
(195,235)
(196,110)
(197,14)
(198,152)
(199,247)
(200,49)
(201,7)
(202,235)
(203,61)
(204,149)
(205,240)
(206,115)
(207,187)
(208,82)
(209,168)
(210,253)
(211,0)
(212,60)
(213,6)
(214,159)
(215,142)
(216,249)
(217,121)
(218,19)
(219,148)
(220,5)
(221,53)
(222,171)
(223,25)
(224,248)
(225,233)
(226,48)
(227,32)
(228,111)
(229,143)
(230,31)
(231,188)
(232,31)
(233,242)
(234,178)
(235,97)
(236,147)
(237,242)
(238,32)
(239,94)
(240,170)
(241,140)
(242,165)
(243,248)
(244,193)
(245,126)
(246,201)
(247,45)
(248,163)
(249,118)
(250,21)
(251,137)
(252,200)
(253,3)
(254,98)
